00 1812 021 000       003220200600
00 1812 021 000       0032202RC 00
00 1812 021 000       0032202ROK00
000 006               0032202BD 10
000 006               0032202BOL10
000 006               0032202BR 10
000 006               0032202BTN10
000 006               0032202CL 10
000 006               0032202CO 10
000 006               0032202EC 10
000 006               0032202GF 10
000 006               0032202GUY10
000 006               0032202IND10
000 006               0032202MEX10
000 006               0032202MV 10
000 006               0032202NPL10
000 006               0032202PE 10
000 006               0032202PY 10
000 006               0032202RA 10
000 006               0032202RCH10
