007 303               0032204   634 601               0000010
007 304               0032204   007 303               0000010
007 304               0032204   634 741               0000020
030 012               0032204   12305G                0000010
030 013               0032204   12300G                0000010
030 335               0032204   030 334               0000010
030 645               0032204   230 411               0000010
030 645               0032204   E12313G               0000020
0700 600 006          0032204   0700 600 003          0000010
0700 600 006          0032204   0700 600 004          0000020
0700 600 006          0032204   0700 600 005          0000030
0700 600 013          0032204   0700 600 046          0000010
0700 600 049          0032204   0700 600 048          0000010
0700 600 052          0032204   0700 600 051          0000010
0700 600 053          0032204GB 0700 600 050          1000010
0700 600 053          0032204IRL0700 600 050          1000020
0700 600 135          0032204NAM0700 600 078          1000010
100 261               0032204   E11001                0000010
100 274               0032204   E8405                 0000010
100 321               0032204   100 319               0000010
