3400 116 401          0032207   K384-4                             01000010
3400 116 401          0032207   K384-8                             01000020
3400 116 401          0032207   K3844                              01000030
3400 116 401          0032207   K3848                              01000040
3400 122 001          0032207   K432-16                            01000010
3400 122 001          0032207   K43216                             01000020
3400 123 501          0032207   K402-1                             01000010
3400 123 501          0032207   K4021                              01000020
3400 123 601          0032207   K402-3                             01000010
3400 123 601          0032207   K4023                              01000020
3400 123 701          0032207   K432-10                            01000010
3400 123 701          0032207   K432-14                            01000020
3400 123 701          0032207   K432-7                             01000030
3400 123 701          0032207   K432-8                             01000040
3400 123 701          0032207   K43210                             01000050
3400 123 701          0032207   K43214                             01000060
3400 123 701          0032207   K4327                              01000070
3400 123 701          0032207   K4328                              01000080
3400 123 801          0032207   K432-5                             01000010
3400 123 801          0032207   K4325                              01000020
3400 123 901          0032207   K432-6                             01000010
3400 123 901          0032207   K4326                              01000020
3400 123 901          0032207   K436-6                             01000030
3400 123 901          0032207   K4366                              01000040
3400 125 901          0032207   K422-4                             01000010
3400 125 901          0032207   K422-9                             01000020
3400 125 901          0032207   K4224                              01000030
3400 125 901          0032207   K4229                              01000040
3400 700 323          0032207   K402-5                             01000010
3400 700 323          0032207   K4025                              01000020
3400 700 324          0032207   K432-19                            01000010
3400 700 324          0032207   K43219                             01000020
3400 700 352          0032207   K432-33                            01000010
3400 700 352          0032207   K432-35                            01000020
3400 700 352          0032207   K432-39                            01000030
3400 700 352          0032207   K43233                             01000040
3400 700 352          0032207   K43235                             01000050
3400 700 352          0032207   K43239                             01000060
3400 700 354          0032207   K432-30                            01000010
3400 700 354          0032207   K432-31                            01000020
3400 700 354          0032207   K432-32                            01000030
3400 700 354          0032207   K43230                             01000040
3400 700 354          0032207   K43231                             01000050
3400 700 354          0032207   K43232                             01000060
3400 700 370          0032207   K432-27                            01000010
3400 700 370          0032207   K432-44                            01000020
3400 700 370          0032207   K43227                             01000030
3400 700 370          0032207   K43244                             01000040
3400 700 371          0032207   K432-20                            01000010
3400 700 371          0032207   K43220                             01000020
3400 700 372          0032207   K432-36                            01000010
3400 700 372          0032207   K432-37                            01000020
3400 700 372          0032207   K43236                             01000030
3400 700 372          0032207   K43237                             01000040
3400 700 373          0032207   K432-38                            01000010
3400 700 373          0032207   K43238                             01000020
3400 700 374          0032207   K432-26                            01000010
3400 700 374          0032207   K43226                             01000020
3400 700 425          0032207   K432-10                            01000010
3400 700 425          0032207   K432-14                            01000020
3400 700 425          0032207   K432-7                             01000030
3400 700 425          0032207   K432-8                             01000040
3400 700 425          0032207   K43210                             01000050
3400 700 425          0032207   K43214                             01000060
3400 700 425          0032207   K4327                              01000070
3400 700 425          0032207   K4328                              01000080
3400 700 491          0032207   K432-48                            01000010
3400 700 491          0032207   K43248                             01000020
3400 700 610          0032207   K432-27                            01000010
3400 700 610          0032207   K432-44                            01000020
3400 700 610          0032207   K43227                             01000030
3400 700 610          0032207   K43244                             01000040
3400 700 611          0032207   K432-20                            01000010
3400 700 611          0032207   K432-62                            01000020
3400 700 611          0032207   K43220                             01000030
3400 700 611          0032207   K43262                             01000040
3400 700 612          0032207   K432-20                            01000010
3400 700 612          0032207   K432-62                            01000020
3400 700 612          0032207   K43220                             01000030
3400 700 612          0032207   K43262                             01000040
3400 700 619          0032207   K432-56                            01000010
3400 700 619          0032207   K43256                             01000020
3400 700 663          0032207   K432-26                            01000010
3400 700 663          0032207   K43226                             01000020
3400 710 004          0032207   K432-16                            01000010
3400 710 004          0032207   K43216                             01000020
