AUDI-80B3-FS001       0032208   0000100100021111                 0010
AUDI-80B3-FS001       0032208   0000100205670                    0010
AUDI-80B3-FS001       0032208   0000200100021112                 0010
AUDI-80B3-FS001       0032208   0000200205670                    0010
AUDI-80B3-FS001       0032208   0000300100021113                 0010
AUDI-80B3-FS001       0032208   0000300205670                    0010
AUDI-80B3-FS001       0032208   0000400100021115                 0010
AUDI-80B3-FS001       0032208   0000400205670                    0010
AUDI-80B3-FS001       0032208   0000500100021116                 0010
AUDI-80B3-FS001       0032208   0000500205670                    0010
AUDI-80B3-FS001       0032208   0000600100021117                 0010
AUDI-80B3-FS001       0032208   0000600205670                    0010
AUDI-80B3-FS001       0032208   0000700100021125                 0010
AUDI-80B3-FS001       0032208   0000700205670                    0010
AUDI-80B3-FS001       0032208   0000800100021119                 0010
AUDI-80B3-FS001       0032208   0000800205670                    0010
AUDI-80B3-FS001       0032208   0000100100021111                 0020
AUDI-80B3-FS001       0032208   0000100205671                    0020
AUDI-80B3-FS001       0032208   000010030583                     0020
AUDI-80B3-FS001       0032208   0000200100021112                 0020
