000 006               0032209    401387236740500
000 217               0032209    401387238079400
000 331               0032209    401387236232500
000 366               0032209    401387236060400
000 369               0032209    401387236742900
000 370               0032209    401387238379500
0000 017 502          0032209    405992300756200
001 001               0032209    401387230480600
001370 000004         0032209    401387283932200
001370 000036         0032209    401387283931500
001370 021000         0032209    401387283930800
001370 022000         0032209    401387283929200
001370 024000         0032209    401387283928500
001370 120000         0032209    401387283927800
001370 121000         0032209    401387283926100
001371 000004         0032209    401387283924700
001371 000006         0032209    401387283922300
001436000285          0032209    405992313394000
001442000462          0032209    405992313395700
001451001610          0032209    405992313396400
001468001401          0032209    405992313397100
001730 110001         0032209    401387283912400
001748 328001         0032209    401387283911700
001770 499000         0032209    401387283910000
001770 520001         0032209    401387283909400
001770 540000         0032209    401387283908700
001770 624000         0032209    401387283907000
