00 1812 021 000       0032211002610
000 006               0032211005270
000 217               0032211005270
000 331               0032211008540
000 366               0032211008540
000 369               0032211008540
000 370               0032211008540
0000 017 502          0032211002610
001 001               0032211008540
001370 000004         0032211000370
001370 000036         0032211000370
001370 021000         0032211000370
001370 022000         0032211000370
001370 024000         0032211000370
001370 120000         0032211000370
001370 121000         0032211000370
001371 000004         0032211047350
001371 000006         0032211047350
001436000285          0032211033650
001442000462          0032211033650
001451001610          0032211009190
