00 1812 021 000       0032212   0000100001002201101260
00 1812 021 000       00322120060000100001011201101260
00 1812 021 000       0032212RC 0000100001011201101260
00 1812 021 000       0032212ROK0000100001011201101260
000 006               0032212   0000100001009201202020
000 217               0032212   0000100001001200311170
000 331               0032212   0000100001001200303140
000 366               0032212   0000100001001200211140
000 369               0032212   0000100001001200303030
000 370               0032212   0000100001001200312190
0000 017 502          0032212   0000100001002200812160
0000 017 502          0032212MEX0000100001001200812160
001 001               0032212   0000100001009200206110
001370 000004         0032212   0000100001002201403130
001370 000004         00322120060000100001001201403130
001370 000004         0032212RC 0000100001001201403130
001370 000004         0032212ROK0000100001001201403130
001370 000036         0032212   0000100001002201405270
001370 000036         00322120060000100001001201405270
001370 000036         0032212RC 0000100001001201405270
