3182 600 111          0032404000470020000000010000000010
3182 654 195          0032404000470020000000010000000020
3182 654 213          0032404000470020000000010000000030
3182 998 803          0032404000470020000000010000000040
993 751               0032404001880020000000010000000010
993 752               0032404001880020000000010000000020
993 753               0032404001880020000000010000000030
993 754               0032404001880020000000010000000040
994 119               0032404001880020000000010000000110
994 120               0032404001880020000000010000000120
994 818               0032404001880020000000010000000050
994 819               0032404001880020000000010000000060
998 725               0032404001880020000000010000000070
998 726               0032404001880020000000010000000080
998 727               0032404001880020000000010000000090
998 729               0032404001880020000000010000000100
6284 600 737          0032404002340020000000010000000010
6284 600 883          0032404002340020000000010000000020
3000 836 101          0032404004790020000000010000000030
3000 990 018          0032404004790020000000010000000020
3000 990 131          0032404004790020000000010000000010
