20-718-A              0014203000532   358 008               00000101  0
20-737-A              0014203000532   369 008               00000101  0
22-489-9              0014203000532   28 1700 313 719       00000101  0
22-489-9              0014203000532   313 714               00000201  0
22-489-9              0014203000798   JHD4004S              00000101  0
22-502-0              0014203000514   22-794-9              00000101  0
22-502-0              0014203000532   170 581               00000101  0
22-502-0              0014203000532   170 647               00000201  0
22-502-0              0014203000798   JHD4000S              00000101  0
22-502-0              0014203001869   R22008A               00000101  0
22-643-9              0014203000532   315 277               00000101  0
22-643-9              0014203000532   81 4101 000 009       00000201  0
22-747-1              0014203000005   321 425 021           00000101  0
22-747-1              0014203000005   823 425 021           00000201  0
22-747-1              0014203000121   321 425 021           00000101  0
22-747-1              0014203000121   823 425 021           00000201  0
22-781-1              0014203000532   28 1700 313 731       00000101  0
22-781-1              0014203000532   313 713               00000201  0
22-781-1              0014203001869   R.220598.Y            00000101  0
22-781-9              0014203000514   22-781-9              00000101  0
