00 1812 021 000       0032200         100000000000000
000 006               0032200         100000000000000
000 217               0032200         100000000000000
000 331               0032200         100000000000000
000 366               0032200         100000000000000
000 369               0032200         100000000000000
000 370               0032200         100000000000000
0000 017 502          0032200         100000000000000
001 001               0032200003200001100000000000000
001370 000004         0032200         100000000000000
001370 000036         0032200         100000000000000
001370 021000         0032200         100000000000000
001370 022000         0032200         100000000000000
001370 024000         0032200         100000000000000
001370 120000         0032200         100000000000000
001370 121000         0032200         100000000000000
001371 000004         0032200         100000000000000
001371 000006         0032200         100000000000000
001436000285          0032200         100000000000000
001442000462          0032200         100000000000000
001451001610          0032200003200007100000000000000
001468001401          0032200         100000000000000
