000 006               0032203000055   500387621             00000101  0
000 006               0032203000514   32-G25-0              00000101  0
000 006               0032203000532   11 1500 000 006       00000101  0
000 006               0032203000532   11 1500 115 728       00000201  0
000 217               0032203000514   27-D96-0              00000101  0
000 217               0032203000532   28 1700 105 215       00000101  0
000 217               0032203000532   28 1700 105 390       00000201  0
000 217               0032203000532   30 1700 000 217       00000301  0
000 217               0032203000752   G716.501.200.160      00000101  0
000 331               0032203000103   1390898               00000101  0
000 331               0032203000103   1478501               00000201  0
000 331               0032203000514   30-A95-0              00000101  0
000 331               0032203000532   14 1700 000 331       00000101  0
000 331               0032203000532   14 1700 008 424       00000201  0
000 331               0032203000532   14 1700 124 815       00000301  0
000 331               0032203000532   14 1700 131 598       00000401  0
000 331               0032203000537   T1230                 00000101  0
000 331               0032203000797   20343                 00000101  0
000 331               0032203001443   KS0331                00000101  0
