004200 080270         003220502568001004200 080271         0010
004200 080270         003220502568002004200 080272         0010
004200 080270         003220502568003004200 080273         0010
004200 080270         003220502568004004200 080274         0010
004200 080270         003220502568005004200 080275         0010
118 002               003220500854001999 669               0020
118 002               003220500188002990 000               0020
118 002               003220500188003990 001               0020
118 004               003220500188001990 002               0020
118 004               003220500188002990 003               0020
118 005               003220500188001990 004               0020
118 005               003220500188002990 005               0020
118 006               003220500188001990 008               0020
118 006               003220500188002990 005               0020
