000 006               0032210        0010410SF32/20X43A2        000
000 006               0032210        00201362                   000
000 006               0032210        00301372                   000
000 006               0032210        00401011                   000
000 006               0032210        00501381                   000
000 006               0032210        00601382                   000
000 217               0032210        0010410S30X85              000
000 217               0032210        00201372                   000
000 217               0032210        00301011                   000
000 217               0032210        00401381                   000
000 217               0032210        00501382                   000
000 331               0032210        00101364                   100
000 331               0032210        0020410NOV30/36X310HA      100
000 331               0032210        00301372                   100
000 331               0032210        00401011                   100
000 331               0032210        00501383                   100
000 331               0032210        00601382                   100
000 366               0032210        00101364                   100
000 366               0032210        0020410N45X215A            100
000 366               0032210        00301372                   100
