000 217               003223201   0003214007030
000 331               003223201   0003215998030
000 331               003223202   0003200012040
000 366               003223201   0003218010030
000 369               003223201   0003213882030
000 370               003223201   0003215409030
004200 080270         003223201   0003200685030
004200 080271         003223201   0003200067030
004200 080272         003223201   0003200068030
004200 080273         003223201   0003200069030
004200 080274         003223201   0003200070030
004200 080275         003223201   0003200071030
007 303               003223201   0003203264030
007 304               003223201   0003203375030
030 001               003223201   0003200004040
030 012               003223201   0003233793030
030 013               003223201   0003233794030
030 218               003223201   0003208735030
030 230               003223201   0003208701030
030 282               003223201   0003201301030
