3182 600 111          0032400000470020000000010000000010
3182 654 195          0032400000470020000000010000000010
3182 654 213          0032400000470020000000010000000010
3182 654 213          0032400000470020000000010000000020
3182 998 803          0032400000470020000000010000000010
993 751               0032400001880020000000010000000010
993 752               0032400001880020000000010000000010
993 752               0032400001880020000000010000000020
993 752               0032400001880020000000010000000030
993 752               0032400001880020000000010000000040
993 753               0032400001880020000000010000000010
993 753               0032400001880020000000010000000020
993 753               0032400001880020000000010000000030
993 754               0032400001880020000000010000000010
994 119               0032400001880020000000010000000010
994 120               0032400001880020000000010000000010
994 818               0032400001880020000000010000000010
994 819               0032400001880020000000010000000010
998 725               0032400001880020000000010000000010
