AUDI-80B3-FB001       0014208   0000100100021119                 0010
AUDI-80B3-FB001       0014208   0000100205671                    0010
AUDI-80B3-FB001       0014208   000010030583                     0010
AUDI-80B3-FB001       0014208   0000200100021117                 0010
AUDI-80B3-FB001       0014208   0000200205671                    0010
AUDI-80B3-FB001       0014208   000020030583                     0010
AUDI-80B3-FB001       0014208   0000300100021116                 0010
AUDI-80B3-FB001       0014208   0000300205671                    0010
AUDI-80B3-FB001       0014208   000030030583                     0010
AUDI-80B3-FB001       0014208   0000400100021115                 0010
AUDI-80B3-FB001       0014208   0000400205671                    0010
AUDI-80B3-FB001       0014208   000040030583                     0010
AUDI-80B3-FB001       0014208   0000500100021113                 0010
AUDI-80B3-FB001       0014208   0000500205671                    0010
AUDI-80B3-FB001       0014208   000050030583                     0010
AUDI-80B3-FB001       0014208   0000600100021111                 0010
AUDI-80B3-FB001       0014208   0000600205671                    0010
AUDI-80B3-FB001       0014208   000060030583                     0010
AUDI-80B3-FB001       0014208   0000700100021112                 0010
AUDI-80B3-FB001       0014208   0000700205671                    0010
