0014233001400032030001001255102680113028901990
0014233001400032030002001255102680072028601080
0014233001400047030001001255102510056027801570
0014233001400047030002001255103080094033501260
0014233001400048030001001255102190049024601510
0014233001400048030002001255102880128031401600
0014233001400056030001001255102900105031701370
0014233001400057030001001255102350049025400830
0014233001400057030002001255102310105026301650
0014233001400058030001001255102410060026000940
0014233001400059030001001255102350049025400830
0014233001400060030001001255100670023009401240
0014233001400061030001001255101120060014000820
0014233001400061030002001255101990061022601630
0014233001400061030003001255101580060018000900
0014233001400062030001001255101710032019801290
0014233001400063030001001255102390056026601560
0014233001400064030001001255103070110033101370
0014233001400064030002001255102500061027701620
0014233001400065030001001255103090095033301270
0014233001400065030002001255102520060027901610
0014233001400066030001001255103010095032501270
0014233001400066030002001255102440060027101610
0014233001400067030001001255100880100012301770
0014233001400068030001001255102950145031802290
0014233001400069030001001255102760094030501730
0014233001400069030002001255102810064029600920
0014233001400070030001001255102530111027901680
0014233001400070030002001255102540075027701070
0014233001400071030001001255102340085026201640
0014233001400071030002001255102880051030200650
0014233001400071030003001255102850035030500500
0014233001400071030004001255102370050026000820
0014233001400072030001001255102550053027100730
0014233001400073030001001255101740047020801210
0014233001400074030001001255103390075036601010
0014233001400075030001001255103410075036501000
0014233001400076030001001255102120023023801150
0014233001400077030001001255102450235026403220
0014233001400078030001001255102120023023801150
0014233001400079030001001255102580017028501090
0014233001400080030001001255102200066024501620
0014233001400081030001001255102020060022701560
0014233001400082030001001255102020060022701560
0014233001400083030001001255102070024022701200
0014233001400084030001001255102070024022701200
0014233001400085030001001255102060048022701350
0014233001400086030001001255102290085025701590
0014233001400087030001001255102680137029302190
0014233001400088030001001255102290062025701360
0014233001400088030002001255103200067033700810
0014233001400088030003001255103180045034000640
0014233001400089030001001255102160066024301410
0014233001400089030002001255102920071031000850
0014233001400090030001001255102060048022601350
0014233001400091030001001255101250070015200890
0014233001400091030002001255101260102015101370
0014233001400091030003001255101750066020001520
0014233001400092030001001255102230083024901650
0014233001400093030001001255102230083024901650
0014233001400094030001001255102970065031800990
0014233001400095030001001255102470093027001180
0014233001400095030002001255102050076023100980
0014233001400096030001001255102320093025801730
0014233001400097030001001255102230083024901650
0014233001400098030001001255102410154026202430
0014233001400099030001001255101240089015001100
0014233001400099030002001255102020093022901690
0014233001400099030003001255101610040018300590
0014233001400100030001001255103130080033200930
0014233001400100030002001255102510079027401090
0014233001400100030003001255102500131028001820
0014233001400101030001001255102780151030102350
0014233001400102030001001255102850142030702250
0014233001400103030001001255101950068021901590
0014233001400104030001001255102090067023301580
0014233001400105030001001255102000063022401550
0014233001400106030001001255102420091026301110
0014233001400107030001001255102130069024101430
0014233001400108030001001255102320093025501180
0014233001400108030002001255102740085030301600
0014233001400108030003001255101900076021600970
0014233001400109030001001255102900076031501760
0014233001400110030001001255102810055030301540
0014233001400111030001001255102950064031701630
0014233001400112030001001255102740026029601250
0014233001400113030001001255101120012013901130
0014233001400114030001001255100690017009601180
0014233001400115030001001255102980185032602680
0014233001400116030001001255102980158032102410
0014233001400117030001001255102700042029301340
0014233001400118030001001255102670040029101310
0014233001400119030001001255102200032025301070
0014233001400120030001001255102200021025300990
0014233001400121030001001255101990079021601510
0014233001400122030001001255102540058027600900
0014233001400122030002001255102510112028001660
0014233001400123030001001255102540058027600900
0014233001400123030002001255102510112028001660
0014233001400124030001001255102720112029901440
0014233001400124030002001255102130063024001650
0014233001400125030001001255101750069020301670
0014233001400126030001001255103130049033301410
0014233001400127030001001255102660070029001650
0014233001400127030002001255101770062020600850
0014233001400127030003001255102230026024000490
0014233001400128030001001255101630174018201940
0014233001400128030002001255102480052027201280
0014233001400128030003001255102090014022800310
0014233001400129030001001255102620031028201220
0014233001400130030001001255102620031028201220
0014233001400131030001001255102300072025601540
0014233001400132030001001255101960051022900760
0014233001400132030002001255102490079027401430
0014233001400132030003001255102010113022101440
0014233001400133030001001255102580076028501150
0014233001400133030001002255102730105030301460
0014233001400134030001001255100670018009501160
0014233001400135030001001255102480067029301330
0014233001400136030001001255102300057027301240
0014233001400137030001001255103020034032101250
0014233001400138030001001255103020034032101250
0014233001400139030001001255102270037024900670
0014233001400140030001001255101420076016900980
0014233001400140030002001255102280077025901630
0014233001400141030001001255102490073027401720
0014233001400142030001001255103050050032901360
0014233001400143030001001255103510090037601770
0014233001400144030001001255103360051036001380
0014233001400145030001001255103340066035901530
0014233001400146030001001255102980038032101230
0014233001400147030001001255102220021024401200
0014233001400148030001001255102670084029701060
0014233001400148030001002255102410055027201440
0014233001400149030001001255102980038032201250
0014233001400150030001001255103050092032801840
0014233001400151030001001255102160079024201620
0014233001400152030001001255102160107024301890
0014233001400153030001001255101920037021701280
0014233001400153030002001255102300053025100980
0014233001400154030001001255102220021024401200
0014233001400155030001001255102220021024401200
0014233001400156030001001255102000094023601550
0014233001400157030001001255101950106023101670
0014233001400158030001001255101980146023402060
0014233001400159030001001255102380063026201630
0014233001400160030001001255102160079024001790
0014233001400161030001001255102550032027901180
0014233001400162030001001255102750044029801290
0014233001400163030001001255103370013036100980
0014233001400164030001001255100830206011902550
0014233001400165030001001255102600078028701630
0014233001400166030001001255103350175037602020
0014233001400166030002001255100910052011901530
0014233001400167030001001255103450016037000350
0014233001400167030002001255102860067031701380
0014233001400167030003001255103510062036801020
0014233001400168030001001255103370161037801880
0014233001400168030002001255100930038012001390
0014233001400169030001001255103370050035700680
0014233001400169030002001255102910062032901300
0014233001400169030003001255103400096035501100
0014233001400170030001001255102410060026601590
0014233001400171030001001255102410060026601590
0014233001400172030001001255102350060026001610
0014233001400172030002001255102810093030501250
0014233001400172030003001255102810064030600890
0014233001400173030001001255102180047024401450
0014233001400173030002001255102820092030101250
0014233001400174030001001255101790030020501280
0014233001400174030002001255102330075025201080
0014233001400175030001001255100820254010903260
0014233001400176030001001255102420076026801430
0014233001400176030002001255102460052026200720
0014233001400177030001001255102420061026801280
0014233001400177030002001255102460037026200570
0014233001400178030001001255102420061026801280
0014233001400178030002001255102460037026200570
0014233001400179030001001255102510083028001950
0014233001400179030002001255102090174023101910
0014233001400180030001001255101810078021001740
0014233001400180030002001255102450139026001710
0014233001400181030001001255102350060026201610
0014233001400181030002001255103090094033601260
0014233001400182030001001255102250050026101470
0014233001400182030002001255102890098031401300
0014233001400183030001001255102110082023001450
0014233001400183030002001255102120053022900750
0014233001400184030001001255102410085026601840
0014233001400185030001001255102760090030101810
0014233001400185030002001255101940136020901570
0014233001400186030001001255103050075032801660
0014233001400187030001001255103370044035700620
0014233001400188030001001255102760090030101810
0014233001400188030002001255101940136020901570
0014233001400189030001001255102410065026201510
0014233001400189030002001255102850094030301300
0014233001400190030001001255102830060030801600
0014233001400191030001001255102800085031001610
0014233001400192030001001255102250079024501000
0014233001400193030001001255102510110028101640
0014233001400193030002001255102540058027600900
0014233001400194030001001255102080104023501770
0014233001400194030002001255102850133031201600
0014233001400195030001001255102520155027802280
0014233001400195030002001255102420086026201060
0014233001400196030001001255102350089025601460
0014233001400196030002001255102900105031101310
0014233001400197030001001255102350089025601460
0014233001400197030002001255102900105031101310
0014233001400198030001001255102350089025601460
0014233001400198030002001255102900105031101310
0014233001400199030001001255102260081024701470
0014233001400199030002001255102810105030101310
0014233001400200030001001255102740096030101810
0014233001400200030002001255102750057030000900
0014233001400201030001001255102570093028401780
0014233001400201030002001255102580053028200870
0014233001400202030001001255102740096030101810
0014233001400202030002001255102750057030000900
0014233001400203030001001255102570093028401780
0014233001400203030002001255102580053028200870
0014233001400204030001001255102020093022901690
0014233001400205030001001255103020066032600840
0014233001400205030002001255102540058027600900
0014233001400205030003001255102510109028001660
0014233001400206030001001255102480043026700590
0014233001400206030002001255102450118026901940
0014233001400207030001001255101790058020701550
0014233001400207030002001255102550161028301810
0014233001400208030001001255102860101031301680
0014233001400208030002001255102880065030800990
0014233001400209030001001255102860101031301670
0014233001400209030002001255102880065030800990
0014233001400210030001001255100910039014901220
0014233001400211030001001255101820021020901180
0014233001400211030002001255102540045027600630
0014233001400212030001001255101760020020301180
0014233001400212030002001255102480044027100620
0014233001400213030001001255102060048022601350
0014233001400214030001001255102570054027700720
0014233001400215030001001255102880129031502260
0014233001400216030001001255102570055028301230
0014233001400216030002001255102610032027700520
0014233001400217030001001255102510154027702270
0014233001400217030002001255102410082026101020
0014233001400218030001001255102520155027802310
0014233001400218030002001255102420078026200980
0014233001400219030001001255102520155027802300
0014233001400219030002001255102420078026200980
0014233001400220030001001255102520155027802280
0014233001400220030002001255102420078026200980
0014233001400221030001001255103020065033301210
0014233001400221030001002255102910033032100700
0014233001400221030002001255102750089029801170
0014233001400222030001001255102500100027601650
0014233001400222030002001255102510065027400970
0014233001400223030001001255102400144026802010
0014233001400223030002001255102400087026501180
0014233001400224030001001255102510110028101640
0014233001400224030002001255102540058027600900
0014233001400225030001001255102970071032401720
0014233001400225030002001255103670150039201820
0014233001400226030001001255102510110028101640
0014233001400226030002001255102540058027600900
0014233001400227030001001255100510239011802690
0014233001400228030001001255100880232015402620
0014233001400229030001001255102560067028601830
0014233001400229030002001255103200110034601410
0014233001400230030001001255102190049024601510
0014233001400230030002001255102880128031401600
0014233001400231030001001255102460098027301570
0014233001400231030002001255103090052033000670
0014233001400232030001001255100810255010803270
0014233001400233030001001255100830206011902550
0014233001400234030001001255100510017007801180
0014233001400235030001001255102760096030501730
0014233001400235030002001255102810064029800930
0014233001400236030001001255103170114034701930
0014233001400236030002001255103220083033801120
0014233001400237030001001255103150117034501940
0014233001400237030002001255103200085033701140
0014233001400238030001001255102730032029601240
0014233001400239030001001255103740109039201840
0014233001400239030002001255103740077039001070
0014233001400240030001001255103850093040001230
0014233001400240030002001255103840125040201990
0014233001400241030001001255102310105026301650
0014233001400241030002001255102350049025400830
0014233001400242030001001255102510056027801570
0014233001400242030002001255103090058033600900
0014233001400242030003001255103090092033601240
0014233001400243030001001255102510110028101640
0014233001400243030002001255102540058027600900
0014233001400244030001001255102570054028401560
0014233001400244030002001255103140089034101220
0014233001400244030003001255103140056034100880
0014233001400245030001001255102510110028101640
0014233001400245030002001255102540058027600900
0014233001400246030001001255102510110028101640
0014233001400246030002001255102540058027600900
0014233001400247030001001255100880232015402620
0014233001400248030001001255100880232015402620
0014233001400249030001001255102510110028101640
0014233001400249030002001255102540058027600900
0014233001400250030001001255100240225009102550
0014233001400251030001001255102780114029601900
0014233001400251030002001255102780078029301100
0014233001400252030001001255100510017007801180
0014233001400253030001001255102820066030701450
0014233001400253030002001255102340067025700860
0014233001400254030001001255102820066030701450
0014233001400254030002001255102340067025700860
0014233001400255030001001255102430107027301680
0014233001400255030002001255102450055026800870
0014233001400256030001001255102510109028001660
0014233001400256030002001255103020066032600840
0014233001400256030003001255102540058027600900
0014233001400257030001001255101470028017101180
0014233001400257030002001255101030067012401120
0014233001400258030001001255102430115027401690
0014233001400258030002001255102450065026700960
0014233001400259030001001255102440108027401680
0014233001400259030002001255102450055026700870
0014233001400260030001001255102510110028101640
0014233001400260030002001255103020049032300660
0014233001400260030003001255102540083027401080
0014233001400261030001001255102470121027701760
0014233001400261030002001255102480071027101030
0014233001400262030001001255102520155027802280
0014233001400262030002001255102410082026201020
0014233001400263030001001255102660070029001650
0014233001400263030002001255101770062020600850
0014233001400263030003001255102230026024000490
0014233001400264030001001255102520155027802280
0014233001400264030002001255102410082026201020
0014233001400265030001001255101990059022601610
0014233001400265030002001255101580060018000900
0014233001400266030001001255102250050026101470
0014233001400266030002001255102890098031401300
0014233001400267030001001255102800097030601630
0014233001400267030002001255103300112034801410
0014233001400268030001001255103120054033100750
0014233001400268030002001255102660055028200740
0014233001400268030003001255102610080029101580
0014233001400269030001001255103350175037602020
0014233001400269030002001255100910052011901530
0014233001400270030001001255102070024022701200
0014233001400271030001001255102180080024201560
0014233001400271030002001255101820012020100290
0014233001400271030003001255101810065019701020
0014233001400272030001001255102990055031400680
0014233001400272030002001255102490068026901000
0014233001400273030001001255102450148026902240
0014233001400273030002001255102480073026700900
0014233001400274030001001255102240080024701560
0014233001400274030002001255101840012020500300
0014233001400274030003001255101630227018202470
0014233001400275030001001255102350096025601620
0014233001400275030002001255102900121031101460
0014233001400276030001001255102350089025601460
0014233001400276030002001255102900105031101310
0014233001400277030001001255102310081025101460
0014233001400277030002001255102860105030601300
0014233001400278030001001255102460117027701770
0014233001400278030002001255102470065027000940
0014233001400279030001001255102470123027701770
0014233001400279030002001255102490073027101030
0014233001400280030001001255102420117027201750
0014233001400280030002001255102430066026600980
0014233001400281030001001255102460121027601760
0014233001400281030002001255102470071027001030
0014233001400282030001001255102510110028101640
0014233001400282030002001255102540058027600900
0014233001400283030001001255102510110028101640
0014233001400283030002001255102540058027600900
0014233001400284030001001255102510110028101640
0014233001400284030002001255102540058027600900
0014233001400285030001001255102430045027001410
0014233001400285030002001255102870092031101270
0014233001400286030001001255102430045027001410
0014233001400286030002001255102870092031101270
0014233001400287030001001255102720057029901520
0014233001400287030002001255103160103034001370
0014233001400288030001001255102410065026201510
0014233001400288030002001255102850094030301300
0014233001400289030001001255102410072026201590
0014233001400289030002001255102850101030301380
0014233001400290030001001255102740121030501770
0014233001400290030002001255103420071035800830
0014233001400290030003001255102750069029801000
0014233001400291030001001255103120054033100750
0014233001400291030002001255102660055028200740
0014233001400292030001001255103180076033400890
0014233001400292030002001255102710049029001010
0014233001400293030001001255102350060026201610
0014233001400293030002001255103090110033601420
0014233001400294030001001255101980060022501610
0014233001400294030002001255102720112029901440
0014233001400295030001001255101770055020500780
0014233001400295030002001255102210053024100770
0014233001400296030001001255102710091029901660
0014233001400296030002001255103210104034201350
0014233001400297030001001255102350060026001610
0014233001400297030002001255102810064030600890
0014233001400297030003001255102810093030501250
0014233001400298030001001255102650111029501650
0014233001400298030002001255102680046028800600
0014233001400298030003001255103190098033301240
0014233001400299030001001255102650111029501650
0014233001400299030002001255102680046028800600
0014233001400299030003001255103190098033301240
0014233001400300030001001255102670084029701060
0014233001400300030001002255102410055027201440
0014233001400301030001001255102670084029701060
0014233001400301030001002255102410055027201440
0014233001400302030001001255102420065027801630
0014233001400302030002001255103110056032500660
0014233001400302030003001255103080110032701410
0014233001400303030001001255102930104032301590
0014233001400303030002001255103460051036400620
0014233001400303030003001255102950054031700840
0014233001400304030001001255102930127032301810
0014233001400304030002001255103460073036400850
0014233001400304030003001255102950077031701070
0014233001400305030001001255102610066027801160
0014233001400305030002001255103210025033500340
0014233001400305030003001255103160072033901020
0014233001400306030001001255102510110028101640
0014233001400306030002001255102540058027600900
0014233001400307030001001255103660149042401890
0014233001400307030002001255101580049018501330
0014233001400307030003001255101990038022600630
0014233001400307030004001255102010067022101070
0014233001400308030001001255102460098027301570
0014233001400308030002001255103090052033000670
0014233001400308030003001255102470033026900700
0014233001400309030001001255102510110028101640
0014233001400309030002001255103020049032300660
0014233001400309030003001255102540083027401080
0014233001400310030001001255102650097029601640
0014233001400310030002001255103170069033600830
0014233001400310030003001255102700047028700760
0014233001400311030001001255102650097029601640
0014233001400311030002001255103170069033600830
0014233001400311030003001255102700047028700760
0014233001400312030001001255102740063030101580
0014233001400312030002001255103300073035401090
0014233001400313030001001255102740063030101580
0014233001400313030002001255103300074035401080
0014233001400314030001001255102190049024601510
0014233001400314030002001255102880128031401600
0014233001400315030001001255102510110028101640
0014233001400315030002001255103020049032300660
0014233001400315030003001255102540083027401080
0014233001400316030001001255102610066027801140
0014233001400316030002001255103210025033500340
0014233001400316030003001255103160072033901020
0014233001400317030001001255102470139028101990
0014233001400317030002001255102990027032900430
0014233001400317030003001255102500082027501170
0014233001400318030001001255102520155027802280
0014233001400318030002001255102410082026201020
0014233001400319030001001255102520155027802280
0014233001400319030002001255102410082026201020
0014233001400320030001001255102520155027802300
0014233001400320030002001255102420078026200980
0014233001400321030001001255102520155027802300
0014233001400321030002001255102420078026200980
0014233001400322030001001255102520155027702290
0014233001400322030002001255102420078026200980
0014233001400323030001001255102520155027902300
0014233001400323030002001255102420078026200980
0014233001400324030001001255102520155027802300
0014233001400324030002001255102420078026200980
0014233001400325030001001255102520155027802280
0014233001400325030002001255102420078026200980
0014233001400326030001001255102350081025801580
0014233001400326030002001255101950014021500300
0014233001400326030003001255101630227018202470
0014233001400326030004001255101970067021301040
0014233001400327030001001255101860085021101580
0014233001400327030002001255102570052027700700
0014233001400327030003001255102570120027601460
0014233001400328030001001255101860085021101580
0014233001400328030002001255102570052027700700
0014233001400328030003001255102570120027601460
0014233001400329030001001255102180080024201560
0014233001400329030002001255101820012020100290
0014233001400329030003001255101810065019701020
0014233001400330030001001255102500100027501570
0014233001400330030002001255103010049031600610
0014233001400330030003001255102510064027200960
0014233001400331030001001255102480108027201660
0014233001400331030002001255102990059031400720
0014233001400331030003001255102490072027001040
0014233001400332030001001255102390095026301530
0014233001400332030002001255102900046030500590
0014233001400332030003001255102400059026100910
0014233001400333030001001255102470131027701810
0014233001400333030002001255103100081032900940
0014233001400333030003001255102490080027101100
0014233001400334030001001255102470131027701810
0014233001400334030002001255103100081032900940
0014233001400334030003001255102490080027101100
0014233001400335030001001255102800085030901610
0014233001400335030002001255101950076022200980
0014233001400335030003001255102380093026101180
0014233001400336030001001255102640073030001700
0014233001400336030002001255103280121035301530
0014233001400337030001001255102210101024501770
0014233001400337030002001255102250079024501000
0014233001400338030001001255102030078022701540
0014233001400338030002001255102070056022700770
0014233001400339030001001255102520155028002310
0014233001400339030002001255102420091026301110
0014233001400340030001001255102740121030501770
0014233001400340030002001255103420071035800830
0014233001400340030003001255102750069029801000
0014233001400341030001001255102740121030501770
0014233001400341030002001255103420071035800830
0014233001400341030003001255102750069029801000
0014233001400342030001001255102630073028901710
0014233001400342030002001255103210023034100390
0014233001400342030003001255103190108034301400
0014233001400343030001001255102540070028001680
0014233001400343030002001255103120020033200350
0014233001400343030003001255103110105033501370
0014233001400344030001001255102910125032201810
0014233001400344030002001255103600075037600860
0014233001400344030003001255102930073031601040
0014233001400345030001001255103460036037100520
0014233001400345030002001255102880035031300540
0014233001400345030003001255103510094036801350
0014233001400345030004001255102870059031901300
0014233001400346030001001255102680101029201830
0014233001400346030002001255102690076028900980
0014233001400347030001001255102910062032901330
0014233001400347030002001255103370044035700620
0014233001400347030003001255103400103035401170
0014233001400348030001001255102910062032901330
0014233001400348030002001255103370044035700620
0014233001400348030003001255103400103035401170
0014233001400349030001001255102530075027901430
0014233001400349030002001255102580053027300720
0014233001400350030001001255102870116031701700
0014233001400350030002001255103420065035600750
0014233001400350030003001255102880065031100960
0014233001400351030001001255102790116030901700
0014233001400351030002001255103340065034800750
0014233001400351030003001255102800065030300960
0014233001400352030001001255102720122030201760
0014233001400352030002001255103270071034100820
0014233001400352030003001255102740072029601020
0014233001400353030001001255102870116031701700
0014233001400353030002001255103400064035800760
0014233001400353030003001255102880065031100960
0014233001400354030001001255102670064029101590
0014233001400354030002001255101780056020700790
0014233001400354030003001255102230020024000420
0014233001400355030001001255103740109039201840
0014233001400355030002001255103740077039001070
0014233001400356030001001255102780053030701250
0014233001400356030002001255104020030042600460
0014233001400356030003001255103450056036200960
0014233001400357030001001255102250050026101470
0014233001400357030002001255102920063030900760
0014233001400357030003001255102910098031001300
0014233001400358030001001255102520122028201760
0014233001400358030002001255102980021032600350
0014233001400358030003001255102540070027701020
0014233001400359030001001255103100030032400400
0014233001400359030002001255103070093032601310
0014233001400359030003001255102410054027701510
0014233001400360030001001255102860067031701380
0014233001400360030002001255103450016037000350
0014233001400360030003001255103510062036801020
0014233001400361030001001255102860067031701380
0014233001400361030002001255103450016037000350
0014233001400361030003001255103510062036801020
0014233001400362030001001255102740063030101580
0014233001400362030002001255103300074035401080
0014233001400363030001001255102610066027801140
0014233001400363030002001255103210025033500340
0014233001400363030003001255103160072033901020
0014233001400364030001001255101470028017101180
0014233001400364030002001255101030067012401120
0014233001400365030001001255102030090022901650
0014233001400365030002001255102750044029500620
0014233001400365030003001255102750066029400800
0014233001400365030004001255102750144029401700
0014233001400366030001001255102520155027702320
0014233001400366030002001255102420078026200980
0014233001400367030001001255102520155027802300
0014233001400367030002001255102420078026200980
0014233001400368030001001255102610068027801160
0014233001400368030002001255103210025033500340
0014233001400368030003001255103160072033901020
0014233001400369030001001255102610080029101580
0014233001400369030002001255103120054033100750
0014233001400369030003001255102660055028200740
0014233001400370030001001255102090087023501620
0014233001400370030002001255102800041030000590
0014233001400370030003001255102810063030000770
0014233001400370030004001255102800141030001670
0014233001400371030001001255102910062032901330
0014233001400371030002001255103370044035700620
0014233001400371030003001255103400103035401170
0014233001400372030001001255102840065032201370
0014233001400372030002001255103310048035100650
0014233001400372030003001255103330107034801210
0014233001400373030001001255102910062032901330
0014233001400373030002001255103370044035700620
0014233001400373030003001255103400103035401170
0014233001400374030001001255102910062032901330
0014233001400374030002001255103370044035700620
0014233001400374030003001255103400103035401170
0014233001400375030001001255102840065032201370
0014233001400375030002001255103310048035100650
0014233001400375030003001255103330107034801210
0014233001400376030001001255101750066020001520
0014233001400376030002001255101250070015200890
0014233001400376030003001255101260102015101370
0014233001400377030001001255102480082027101580
0014233001400377030002001255102090014022800310
0014233001400377030003001255101630227018202470
0014233001400377030004001255102100067022801080
0014233001400378030001001255102520155027802280
0014233001400378030002001255102420086026201060
0014233001400379030001001255102500131028001820
0014233001400379030002001255103130080033200930
0014233001400379030003001255102510079027401090
0014233001400380030001001255102510110028201640
0014233001400380030002001255102550014027400270
0014233001400381030001001255102610080029101580
0014233001400381030002001255103120054033100750
0014233001400381030003001255102660055028200740
0014233001400382030001001255102870059031901300
0014233001400382030002001255103460036037100520
0014233001400382030003001255102880035031300540
0014233001400382030004001255103510094036801350
0014233001400383030001001255102910062032901330
0014233001400383030002001255103370044035700620
0014233001400383030003001255103400103035401170
0014233001400384030001001255102910062032901330
0014233001400384030002001255103370044035700620
0014233001400384030003001255103400103035401170
0014233001400385030001001255102510110028201640
0014233001400385030002001255102550014027400270
0014233001400386030001001255102910062032901330
0014233001400386030002001255103370044035700620
0014233001400386030003001255103400103035401170
0014233001400387030001001255102870058032501300
0014233001400387030002001255103330041035300580
0014233001400387030003001255103350100035001140
0014233001400388030001001255102860076032401480
0014233001400388030002001255103330059035300760
0014233001400388030003001255103350118035001320
0014233001400389030001001255102280070025901550
0014233001400389030002001255101440069017000910
0014233001400389030003001255101890109021201390
0014233001400390030001001255102760102030601780
0014233001400390030002001255103280076034300890
0014233001400390030003001255102810049029901010
0014233001400391030001001255102650089029101490
0014233001400391030002001255103070055032900710
0014233001400391030003001255102650025028700620
0014233001400392030001001255102250050026101470
0014233001400392030002001255102920063030900760
0014233001400392030003001255102910098031001300
0014233001400393030001001255102610080029101580
0014233001400393030002001255103120054033100750
0014233001400393030003001255102660055028200740
0014233001400394030001001255102000061022601640
0014233001400394030002001255101120065013800870
0014233001400394030003001255101580060018000900
0014233001400395030001001255102650050028901370
0014233001400395030002001255101770055020500780
0014233001400395030003001255102210053024100770
0014233001400396030001001255102460090027301490
0014233001400396030002001255102990050032000660
0014233001400396030003001255102470026026900620
0014233001400397030001001255101470028017101180
0014233001400397030002001255101030067012401120
0014233001400398030001001255102460098027301570
0014233001400398030002001255103090052033000670
0014233001400398030003001255102470033026900700
0014233001400399030001001255102460098027301570
0014233001400399030002001255103090052033000670
0014233001400399030003001255102470033026900700
0014233001400400030001001255103030090032101380
0014233001400400030002001255103460007037600260
0014233001400400030003001255103480048037200650
0014233001400401030001001255102020093022901690
0014233001400401030002001255101240089015001100
0014233001400401030003001255101610040018300590
0014233001400402030001001255102640088029501530
0014233001400402030002001255103150042034000580
0014233001400402030003001255103160059033500740
0014233001400402030004001255102700037028600660
0014233001400403030001001255102700089030101540
0014233001400403030002001255103210043034600590
0014233001400403030003001255103220060034100750
0014233001400403030004001255102760038029200670
0014233001400404030001001255102910062032901300
0014233001400404030002001255103370050035700680
0014233001400404030003001255103400096035501100
0014233001400405030001001255102910062032901300
0014233001400405030002001255103370050035700680
0014233001400405030003001255103400096035501100
0014233001400406030001001255102020092022901690
0014233001400406030002001255101610040018300590
0014233001400407030001001255103050099032301470
0014233001400407030002001255103470033037700520
0014233001400407030003001255103500058037400750
0014233001400408030001001255102910062032901300
0014233001400408030002001255103370050035700680
0014233001400408030003001255103400096035501100
0014233001400409030001001255102610080029101580
0014233001400409030002001255103120054033100750
0014233001400409030003001255102660055028200740
0014233001400410030001001255102640097029901680
0014233001400410030002001255103290087035101030
0014233001400410030003001255103260060035600830
0014233001400410030004001255103260039035600570
0014233001400410030005001255102750039029500700
0014233001400522030001001255102550234027303300
